57.662115 121.03123
51.136875 119.59852
49.269885 118.72802
46.007915 115.27247
45.423105 113.72127
45.1818125 111.12697375
45.801475 108.68435
47.26467 106.60492125
49.406495 105.17599
49.705525 105.03215
49.145165 104.22347
48.179005 103.22335
47.514385 102.57248
47.134885 102.40087
43.659745 100.98464
41.548845 99.996988
42.770745 98.792378
46.605055 97.280438
46.904325 97.021698
47.360865 96.397098
50.02388875 93.69863425
52.951925 92.221148
54.835745 91.971338
56.515335 92.176898
59.75531 94.2567255
61.440055 98.030308
60.991745 101.83638
59.352185 103.84973
58.994995 104.16588
59.479185 104.41254
66.51914375 106.51243375
74.224825 106.25495
80.120745 104.78055
80.965445 104.53175
80.270695 106.28722
75.69694 113.482975
69.414085 118.45012
62.090625 120.84185
